1 5 10000
2 4 10000
3 8 10000
4 2 10000
5 2 10000
6 6 10000
7 8 10000
8 10 10000
9 7 10000
10 6 10000
11 5 10000
12 8 10000
13 9 10000
14 10 10000
15 10 10000
16 7 10000
17 3 10000
18 1 10000
19 9 10000
20 3 10000
21 7 10000
22 2 10000
23 8 10000
24 5 10000
25 10 10000
26 16 10000
27 11 10000
28 2 10000
29 10 10000
30 11 10000
31 15 10000
32 12 10000
33 17 10000
34 14 10000
35 2 10000
36 1 10000
37 11 10000
38 14 10000
39 13 10000
40 19 10000
41 8 10000
42 11 10000
43 1 10000
44 1 10000
45 10 10000
46 11 10000
47 15 10000
48 16 10000
49 6 10000
50 5 10000
51 17 10000
52 3 10000
53 6 10000
54 1 10000
55 15 10000
56 14 10000
57 3 10000
58 14 10000
59 16 10000
60 12 10000
61 12 10000
62 14 10000
63 20 10000
64 18 10000
65 17 10000
66 17 10000
67 10 10000
68 2 10000
69 8 10000
70 4 10000
71 13 10000
72 5 10000
73 15 10000
74 17 10000
75 13 10000
76 5 10000
77 12 10000
78 17 10000
79 10 10000
80 11 10000
81 13 10000
82 19 10000
83 14 10000
84 8 10000
85 16 10000
86 17 10000
87 13 10000
88 2 10000
89 14 10000
90 9 10000
91 6 10000
92 17 10000
93 5 10000
94 13 10000
95 3 10000
96 11 10000
97 6 10000
98 16 10000
99 1 10000
100 13 10000
101 17 10000
102 2 10000
103 18 10000
104 18 10000
105 8 10000
106 13 10000
107 11 10000
108 15 10000
109 14 10000
110 12 10000
111 16 10000
112 1 10000
113 16 10000
114 12 10000
115 3 10000
116 13 10000
117 13 10000
118 4 10000
119 8 10000
120 2 10000
121 15 10000
122 10 10000
123 15 10000
124 20 10000
125 11 10000
