1 5 500
2 4 500
3 8 500
4 2 500
5 2 500
6 6 500
7 8 500
8 10 500
9 7 500
10 6 500
11 5 500
12 8 500
13 9 500
14 10 500
15 10 500
16 7 500
17 3 500
18 1 500
19 9 500
20 3 500
21 7 500
22 2 500
23 8 500
24 5 500
25 10 500
26 16 500
27 11 500
28 2 500
29 10 500
30 11 500
31 15 500
32 12 500
33 17 500
34 14 500
35 2 500
36 1 500
37 11 500
38 14 500
39 13 500
40 19 500
41 8 500
42 11 500
43 1 500
44 1 500
45 10 500
46 11 500
47 15 500
48 16 500
49 6 500
50 5 500
51 17 500
52 3 500
53 6 500
54 1 500
55 15 500
56 14 500
57 3 500
58 14 500
59 16 500
60 12 500
61 12 500
62 14 500
63 20 500
64 18 500
65 17 500
66 17 500
67 10 500
68 2 500
69 8 500
70 4 500
71 13 500
72 5 500
73 15 500
74 17 500
75 13 500
76 5 500
77 12 500
78 17 500
79 10 500
80 11 500
81 13 500
82 19 500
83 14 500
84 8 500
85 16 500
86 17 500
87 13 500
88 2 500
89 14 500
90 9 500
91 6 500
92 17 500
93 5 500
94 13 500
95 3 500
96 11 500
97 6 500
98 16 500
99 1 500
100 13 500
101 17 500
102 2 500
103 18 500
104 18 500
105 8 500
106 13 500
107 11 500
108 15 500
109 14 500
110 12 500
111 16 500
112 1 500
113 16 500
114 12 500
115 3 500
116 13 500
117 13 500
118 4 500
119 8 500
120 2 500
121 15 500
122 10 500
123 15 500
124 20 500
125 11 500
