1 5 5760
2 4 4190
3 8 3290
4 2 2030
5 2 2550
6 6 6990
7 8 8940
8 10 740
9 7 3930
10 6 6890
11 5 6580
12 8 3820
13 9 9140
14 10 420
15 10 220
16 7 7540
17 3 3210
18 1 1380
19 9 9850
20 3 3610
21 7 7540
22 2 2710
23 8 8390
24 5 5950
25 10 760
26 16 8611
27 11 1954
28 2 14729
29 10 15662
30 11 19558
31 15 2584
32 12 7697
33 17 15557
34 14 10157
35 2 16837
36 1 10223
37 11 18651
38 14 748
39 13 2771
40 19 17436
41 8 9994
42 11 18320
43 1 760
44 1 4735
45 10 8793
46 11 4494
47 15 17274
48 16 11387
49 6 18910
50 5 724
51 17 18649
52 3 19758
53 6 18348
54 1 19131
55 15 14626
56 14 15030
57 3 10911
58 14 2932
59 16 12698
60 12 204
61 12 14174
62 14 2978
63 20 13117
64 18 12297
65 17 12939
66 17 13766
67 10 11454
68 2 8428
69 8 16935
70 4 16223
71 13 12751
72 5 601
73 15 14553
74 17 618
75 13 4341
76 5 16368
77 12 6849
78 17 14044
79 10 13158
80 11 2856
81 13 15724
82 19 13212
83 14 3202
84 8 213
85 16 849
86 17 1139
87 13 18420
88 2 18264
89 14 14933
90 9 7448
91 6 15828
92 17 7193
93 5 10325
94 13 7902
95 3 455
96 11 12265
97 6 11472
98 16 2147
99 1 5052
100 13 11512
101 17 13976
102 2 1353
103 18 15911
104 18 15927
105 8 4204
106 13 1359
107 11 7237
108 15 4055
109 14 15119
110 12 9149
111 16 14201
112 1 2334
113 16 11225
114 12 6599
115 3 12953
116 13 7572
117 13 19044
118 4 11673
119 8 704
120 2 3198
121 15 15894
122 10 18005
123 15 8557
124 20 18067
125 11 500000
